INSERT INTO `ups_rate` (`Zone_ID`, `weight_min`, `weight_max`, `price`, `price_saver`) VALUES
(1, 20, 44, 153.0, 144.6),
(1, 44, 70, 133.80, 126.00),
(1, 70, 99, 118.20, 111.60),
(1, 99, 299, 99.0, 93.60),
(1, 299, 499, 81.6, 76.80),
(1, 499, 999, 81.0, 76.20),
(1, 999, 999999999, 80.4, 75.60),


(, 20, 44, , ),
(, 44, 70, , ),
(, 70, 99, , ),
(, 99, 299, , ),
(, 299, 499, , ),
(, 499, 999, , ),
(, 999, 999999999, , ),

(, 20, 44, , ),
(, 44, 70, , ),
(, 70, 99, , ),
(, 99, 299, , ),
(, 299, 499, , ),
(, 499, 999, , ),
(, 999, 999999999, , ),

(, 20, 44, , ),
(, 44, 70, , ),
(, 70, 99, , ),
(, 99, 299, , ),
(, 299, 499, , ),
(, 499, 999, , ),
(, 999, 999999999, , ),

(, 20, 44, , ),
(, 44, 70, , ),
(, 70, 99, , ),
(, 99, 299, , ),
(, 299, 499, , ),
(, 499, 999, , ),
(, 999, 999999999, , ),

(, 20, 44, , ),
(, 44, 70, , ),
(, 70, 99, , ),
(, 99, 299, , ),
(, 299, 499, , ),
(, 499, 999, , ),
(, 999, 999999999, , ),

(, 20, 44, , ),
(, 44, 70, , ),
(, 70, 99, , ),
(, 99, 299, , ),
(, 299, 499, , ),
(, 499, 999, , ),
(, 999, 999999999, , ),

(, 20, 44, , ),
(, 44, 70, , ),
(, 70, 99, , ),
(, 99, 299, , ),
(, 299, 499, , ),
(, 499, 999, , ),
(, 999, 999999999, , ),

(, 20, 44, , ),
(, 44, 70, , ),
(, 70, 99, , ),
(, 99, 299, , ),
(, 299, 499, , ),
(, 499, 999, , ),
(, 999, 999999999, , ),

(, 20, 44, , ),
(, 44, 70, , ),
(, 70, 99, , ),
(, 99, 299, , ),
(, 299, 499, , ),
(, 499, 999, , ),
(, 999, 999999999, , ),

(1, 21, 40, 153.0, 144.6),
(1, 1, 0, 0.5, 1035, 976.2);
